# Created by Octave 3.8.2, Wed Oct 24 15:33:14 2018 CEST <piotrek@piotrek-lenovo>
# name: price
# type: matrix
# rows: 8
# columns: 1
 100
 200
 250
 300
 325
 350
 500
 750


# name: sizes
# type: matrix
# rows: 8
# columns: 1
 20
 30
 40
 45
 50
 60
 62
 65


