# Created by Octave 3.8.2, Tue Oct 16 16:37:22 2018 CEST <piotrek@piotrek-lenovo>
# name: X
# type: matrix
# rows: 4
# columns: 4
 1 1 1 1
 1 2 2 2
 1 3 3 3
 1 4 4 4


