# Created by Octave 3.8.2, Tue Oct 16 16:43:13 2018 CEST <piotrek@piotrek-lenovo>
# name: y
# type: matrix
# rows: 4
# columns: 1
 2
 3
 4
 5


