# Created by Octave 3.8.2, Fri Oct 12 16:32:14 2018 CEST <piotrkozubek@gmail.com>
# name: x
# type: matrix
# rows: 1
# columns: 30
 0 1 2 3 4 5 6 7 8 9 10 11 12 13 14 15 16 17 18 19 20 21 22 23 24 25 26 27 28 29

# name: y
# type: matrix
# rows: 1
# columns: 30
 1 1 2 3 6 7 8 8 8 9 10 11 12 14 15 15 15 16 17 17 17 17 18 18 18 18 19 19 19 20

# name: h
# type: matrix
# rows: 1
# columns: 30
 3.10322 3.75817 4.41312 5.06807 5.72302 6.37797 7.03292 7.68787 8.34282 8.99777 9.65272 10.3077 10.9626 11.6176 12.2725 12.9275 13.5824 14.2374 14.8923 15.5473 16.2022 16.8572 17.5121 18.1671 18.822 19.477 20.1319 20.7869 21.4418 22.0968

