# Created by Octave 3.8.2, Tue Oct 16 16:37:55 2018 CEST <piotrek@piotrek-lenovo>
# name: theta
# type: matrix
# rows: 1
# columns: 4
 1 1 1 1


